True False False  3  wedge_hydrograph.dat  dump.out  wedge.elem  wedge.geom    ::  re-compute coefficients?, particle?, contour?, output flag, outputFN, coeffFN (output), elementHierarchy (input), geometryFN (output)
2.0D-1  2.0D0  1.0D-3   0  1.0D0  1.0D-4  1.0D0  38  ::  por, k, Ss, leakFlag, K2, Ss2, b2, ellipse MS
1.5D-1  2.0D0  False  1.0  :: Sy, Kz, unconfined?, b
2  2  200  :: nx, ny, nt
0.0 -0.2
-0.1 0.1
1.00000e-02
1.07189e-02
1.14895e-02
1.23155e-02
1.32009e-02
1.41499e-02
1.51672e-02
1.62576e-02
1.74263e-02
1.86791e-02
2.00220e-02
2.14614e-02
2.30043e-02
2.46581e-02
2.64308e-02
2.83310e-02
3.03677e-02
3.25509e-02
3.48910e-02
3.73994e-02
4.00881e-02
4.29700e-02
4.60592e-02
4.93705e-02
5.29198e-02
5.67243e-02
6.08022e-02
6.51734e-02
6.98588e-02
7.48810e-02
8.02643e-02
8.60346e-02
9.22198e-02
9.88496e-02
1.05956e-01
1.13573e-01
1.21738e-01
1.30490e-01
1.39871e-01
1.49927e-01
1.60705e-01
1.72259e-01
1.84642e-01
1.97917e-01
2.12145e-01
2.27397e-01
2.43744e-01
2.61268e-01
2.80050e-01
3.00184e-01
3.21764e-01
3.44896e-01
3.69691e-01
3.96269e-01
4.24757e-01
4.55294e-01
4.88025e-01
5.23110e-01
5.60717e-01
6.01028e-01
6.44236e-01
6.90551e-01
7.40196e-01
7.93410e-01
8.50449e-01
9.11589e-01
9.77124e-01
1.04737e+00
1.12267e+00
1.20338e+00
1.28989e+00
1.38262e+00
1.48202e+00
1.58857e+00
1.70277e+00
1.82518e+00
1.95640e+00
2.09705e+00
2.24781e+00
2.40940e+00
2.58262e+00
2.76829e+00
2.96730e+00
3.18063e+00
3.40929e+00
3.65438e+00
3.91710e+00
4.19871e+00
4.50056e+00
4.82411e+00
5.17092e+00
5.54266e+00
5.94113e+00
6.36825e+00
6.82607e+00
7.31681e+00
7.84282e+00
8.40665e+00
9.01102e+00
9.65883e+00
1.03532e+01
1.10975e+01
1.18953e+01
1.27505e+01
1.36672e+01
1.46497e+01
1.57029e+01
1.68318e+01
1.80419e+01
1.93389e+01
2.07292e+01
2.22195e+01
2.38169e+01
2.55291e+01
2.73644e+01
2.93317e+01
3.14404e+01
3.37006e+01
3.61234e+01
3.87204e+01
4.15040e+01
4.44878e+01
4.76861e+01
5.11143e+01
5.47890e+01
5.87279e+01
6.29499e+01
6.74754e+01
7.23263e+01
7.75260e+01
8.30994e+01
8.90735e+01
9.54772e+01
1.02341e+02
1.09699e+02
1.17585e+02
1.26038e+02
1.35099e+02
1.44812e+02
1.55223e+02
1.66382e+02
1.78343e+02
1.91164e+02
2.04907e+02
2.19639e+02
2.35429e+02
2.52354e+02
2.70496e+02
2.89942e+02
3.10787e+02
3.33129e+02
3.57079e+02
3.82749e+02
4.10266e+02
4.39760e+02
4.71375e+02
5.05263e+02
5.41587e+02
5.80523e+02
6.22257e+02
6.66992e+02
7.14943e+02
7.66341e+02
8.21434e+02
8.80488e+02
9.43788e+02
1.01164e+03
1.08437e+03
1.16232e+03
1.24588e+03
1.33545e+03
1.43146e+03
1.53437e+03
1.64468e+03
1.76291e+03
1.88965e+03
2.02550e+03
2.17112e+03
2.32720e+03
2.49451e+03
2.67384e+03
2.86607e+03
3.07211e+03
3.29297e+03
3.52971e+03
3.78346e+03
4.05546e+03
4.34701e+03
4.65953e+03
4.99451e+03
5.35357e+03
5.73844e+03
6.15099e+03
6.59319e+03
7.06718e+03
7.57525e+03
8.11984e+03
8.70359e+03
9.32930e+03
1.00000e+04
1.0D-6  1.0D-8  40  :: alpha, tolerance, M
2  wedge_circles.in     :: number of circular elements, circular elements input file
4  wedge_ellipses.in    :: number of elliptical elements, elliptical elements input file
wedge_particles.in     :: particle inputs file

