T  F  F  T  T  11  ::  calc?, particle?, contour?, log(t)_deriv?, Qcalc?, output_flag
boise_timeseries.dat
1.0D0  2.649  08.82D-3           :: por, k (ft/min), Ss (1/ft)
0 5.0D-2 2.0D-1 2.0D0 	                           :: LEAKY:  leakytype, K2, Ss2, b2
True   0.07317 1.697D-4  15.0     :: UNCONFINED flag, Sy, Kz (ft/min), b_1 (ft)
False  1.0D-3  2.0D0  1  1.0D-5  1  :: MultiPORO  Flag?, matrixSs, lambda, diffusion idx, Dm, NDiffTerms
18  18  325  :: nx, ny, nt
A1|B1|B2|B3|B4|B5|B6|C1|C2|C3|C4|C5|C6|X1|X2|X3|X4|X5
0.000 -0.890 9.632 12.203  0.750 -10.102 -7.822 10.682 26.806  12.523 -14.203 -29.856 -14.953  14.353 98.450   63.073 -43.029 -125.366 :: x (modified C2 & C5 by 0.1)
0.000  9.572 6.351 -6.301 -8.642  -6.191  4.271 21.614  1.820 -19.704 -28.606  -0.750  23.005 131.337 -4.191 -115.344 -58.312   69.134 :: y (modified C2 & C5 by 0.1)
6.0000E-03 1.9000E-02 3.1000E-02 4.4000E-02 5.6000E-02 6.9000E-02 8.1000E-02 9.4000E-02 1.0600E-01 1.1900E-01 1.3100E-01 1.4400E-01 1.5600E-01 1.6900E-01 1.8100E-01 1.9400E-01 2.0600E-01 2.1900E-01 2.3100E-01 2.4400E-01 2.5600E-01 2.6900E-01 2.8100E-01 2.9400E-01 3.0600E-01 3.1900E-01 3.3100E-01 3.4400E-01 3.5600E-01 3.6900E-01 3.8100E-01 3.9400E-01 4.0600E-01 4.1900E-01 4.3100E-01 4.4400E-01 4.5600E-01 4.6900E-01 4.8100E-01 4.9400E-01 5.0600E-01 5.1900E-01 5.3100E-01 5.4400E-01 5.5600E-01 5.6900E-01 5.8100E-01 5.9400E-01 6.0600E-01 6.1900E-01 6.3100E-01 6.4400E-01 6.5600E-01 6.6900E-01 6.8100E-01 6.9400E-01 7.0600E-01 7.1900E-01 7.3100E-01 7.4400E-01 8.4000E-01 9.3100E-01 1.0230E+00 1.1150E+00 1.2060E+00 1.2980E+00 1.3900E+00 1.4810E+00 1.5730E+00 1.6650E+00 1.7560E+00 1.8480E+00 1.9400E+00 2.0310E+00 2.1230E+00 2.2150E+00 2.3060E+00 2.3980E+00 2.4900E+00 2.5810E+00 3.0900E+00 3.5980E+00 4.1060E+00 4.6140E+00 5.1230E+00 5.6310E+00 6.1390E+00 6.6480E+00 7.1520E+00 7.6620E+00 8.1720E+00 8.6820E+00 9.1920E+00 9.7020E+00 1.0202E+01 1.0712E+01 1.2722E+01 1.4732E+01 1.6742E+01 1.8752E+01 2.0752E+01 2.2762E+01 2.4772E+01 2.6782E+01 2.8792E+01 3.0802E+01 3.2802E+01 3.4812E+01 3.6822E+01 3.8832E+01 4.0842E+01 4.2852E+01 4.4852E+01 4.6862E+01 4.8872E+01 5.0882E+01 5.2892E+01 5.4902E+01 5.6902E+01 5.8912E+01 6.0922E+01 6.2932E+01 6.4942E+01 6.6952E+01 6.8952E+01 7.0952E+01 7.2952E+01 7.4952E+01 7.6952E+01 7.8952E+01 8.1052E+01 8.3052E+01 8.5052E+01 8.7052E+01 8.9052E+01 9.1052E+01 9.3052E+01 9.5052E+01 9.7052E+01 9.9052E+01 1.0105E+02 1.1105E+02 1.2115E+02 1.3115E+02 1.4115E+02 1.5115E+02 1.6115E+02 1.7115E+02 1.8115E+02 1.9115E+02 2.0115E+02 2.1115E+02 2.2115E+02 2.3115E+02 2.4125E+02 2.5125E+02 2.6065E+02 2.6186E+02 2.6426E+02 2.6428E+02 2.6429E+02 2.6431E+02 2.6432E+02 2.6433E+02 2.6434E+02 2.6436E+02 2.6437E+02 2.6438E+02 2.6439E+02 2.6441E+02 2.6442E+02 2.6443E+02 2.6444E+02 2.6446E+02 2.6447E+02 2.6448E+02 2.6449E+02 2.6451E+02 2.6452E+02 2.6453E+02 2.6454E+02 2.6456E+02 2.6457E+02 2.6458E+02 2.6459E+02 2.6461E+02 2.6462E+02 2.6463E+02 2.6464E+02 2.6466E+02 2.6467E+02 2.6468E+02 2.6469E+02 2.6471E+02 2.6472E+02 2.6473E+02 2.6474E+02 2.6476E+02 2.6477E+02 2.6478E+02 2.6479E+02 2.6481E+02 2.6482E+02 2.6483E+02 2.6484E+02 2.6486E+02 2.6487E+02 2.6488E+02 2.6489E+02 2.6491E+02 2.6492E+02 2.6493E+02 2.6494E+02 2.6496E+02 2.6497E+02 2.6498E+02 2.6499E+02 2.6501E+02 2.6502E+02 2.6503E+02 2.6504E+02 2.6506E+02 2.6507E+02 2.6508E+02 2.6509E+02 2.6511E+02 2.6512E+02 2.6513E+02 2.6514E+02 2.6516E+02 2.6517E+02 2.6518E+02 2.6519E+02 2.6521E+02 2.6522E+02 2.6523E+02 2.6524E+02 2.6526E+02 2.6535E+02 2.6544E+02 2.6554E+02 2.6563E+02 2.6572E+02 2.6581E+02 2.6590E+02 2.6599E+02 2.6609E+02 2.6618E+02 2.6627E+02 2.6636E+02 2.6645E+02 2.6654E+02 2.6664E+02 2.6673E+02 2.6682E+02 2.6691E+02 2.6700E+02 2.6709E+02 2.6760E+02 2.6811E+02 2.6862E+02 2.6913E+02 2.6964E+02 2.7014E+02 2.7065E+02 2.7116E+02 2.7166E+02 2.7217E+02 2.7268E+02 2.7319E+02 2.7370E+02 2.7421E+02 2.7471E+02 2.7522E+02 2.7723E+02 2.7924E+02 2.8125E+02 2.8326E+02 2.8526E+02 2.8727E+02 2.8928E+02 2.9129E+02 2.9330E+02 2.9531E+02 2.9731E+02 2.9932E+02 3.0133E+02 3.0334E+02 3.0535E+02 3.0736E+02 3.0936E+02 3.1137E+02 3.1338E+02 3.1539E+02 3.1740E+02 3.1941E+02 3.2141E+02 3.2342E+02 3.2543E+02 3.2744E+02 3.2945E+02 3.3146E+02 3.3346E+02 3.3546E+02 3.3746E+02 3.3946E+02 3.4146E+02 3.4346E+02 3.4556E+02 3.4756E+02 3.4956E+02 3.5156E+02 3.5356E+02 3.5556E+02 3.5756E+02 3.5956E+02 3.6156E+02 3.6356E+02 3.6556E+02 3.7246E+02 3.8246E+02 3.9246E+02 4.0246E+02 4.1256E+02 4.2256E+02 :: t
1.0D-12 1.0D-9 18         alpha, tol, INVm
6 boise_circles.in :: number of circular elements, circular element data file
0 10 not_used       :: number of elliptical elements, elliptical element data file
not_used :: particle data file
