True  False  True  2  multiple_lines_contour.xyz  dump.out  multiple_lines.elem  multiple_lines.geom    ::  re-compute coefficients?, particle?, contour?, output flag, outputFN, coeffFN (output), elementHierarchy (input), geometryFN (output)
2.0D-1  2.0D0  1.0D-4   0  1.0D0  1.0D-4  1.0D0  20  ::  por, k, Ss, leakFlag, K2, Ss2, b2, ellipse MS
1.5D-1  2.0D0  False  1.0  :: Sy, Kz, unconfined?, b
100  100  1  :: nx, ny, nt
0.00000 0.01111 0.02222 0.03333 0.04444 0.05556 0.06667 0.07778 0.08889 0.10000 0.11111 0.12222 0.13333 0.14444 0.15556 0.16667 0.17778 0.18889 0.20000 0.21111 0.22222 0.23333 0.24444 0.25556 0.26667 0.27778 0.28889 0.30000 0.31111 0.32222 0.33333 0.34444 0.35556 0.36667 0.37778 0.38889 0.40000 0.41111 0.42222 0.43333 0.44444 0.45556 0.46667 0.47778 0.48889 0.50000 0.51111 0.52222 0.53333 0.54444 0.55556 0.56667 0.57778 0.58889 0.60000 0.61111 0.62222 0.63333 0.64444 0.65556 0.66667 0.67778 0.68889 0.70000 0.71111 0.72222 0.73333 0.74444 0.75556 0.76667 0.77778 0.78889 0.80000 0.81111 0.82222 0.83333 0.84444 0.85556 0.86667 0.87778 0.88889 0.90000 0.91111 0.92222 0.93333 0.94444 0.95556 0.96667 0.97778 0.98889 1.00000 1.01111 1.02222 1.03333 1.04444 1.05556 1.06667 1.07778 1.08889 1.10000 :: x
0.00000 0.01111 0.02222 0.03333 0.04444 0.05556 0.06667 0.07778 0.08889 0.10000 0.11111 0.12222 0.13333 0.14444 0.15556 0.16667 0.17778 0.18889 0.20000 0.21111 0.22222 0.23333 0.24444 0.25556 0.26667 0.27778 0.28889 0.30000 0.31111 0.32222 0.33333 0.34444 0.35556 0.36667 0.37778 0.38889 0.40000 0.41111 0.42222 0.43333 0.44444 0.45556 0.46667 0.47778 0.48889 0.50000 0.51111 0.52222 0.53333 0.54444 0.55556 0.56667 0.57778 0.58889 0.60000 0.61111 0.62222 0.63333 0.64444 0.65556 0.66667 0.67778 0.68889 0.70000 0.71111 0.72222 0.73333 0.74444 0.75556 0.76667 0.77778 0.78889 0.80000 0.81111 0.82222 0.83333 0.84444 0.85556 0.86667 0.87778 0.88889 0.90000 0.91111 0.92222 0.93333 0.94444 0.95556 0.96667 0.97778 0.98889 1.00000 1.01111 1.02222 1.03333 1.04444 1.05556 1.06667 1.07778 1.08889 1.10000 :: y
0.125  :: t
1.0D-6  1.0D-8  10  :: alpha, tolerance, M
1  multiple_lines_circles.in     :: number of circular elements, circular elements input file
4  multiple_lines_ellipses.in    :: number of elliptical elements, elliptical elements input file
file_not_used     :: particle inputs file

