True  False  True  False 2  sdi.xyz  dump-sdi.out  sdi.elem  sdi.geom    ::  re-compute coefficients?, particle?, contour?, deriv?, output flag, outputFN, coeffFN (output), elementHierarchy (input), geometryFN (output)
1.0D+0  5.4D0  2.039275E+6  0  1.0D0  1.0D-4  1.0D0  10  1.0E-8  ::  por, k, Ss, leakFlag, K2, Ss2, b2, ellipse MS, MS cutoff
0.0D0  5.4D0  False  16.67  :: Sy, Kz, unconfined?, b
100  100  21  :: nx, ny, nt
-100.00 -106.57 -113.13 -119.70 -126.26 -132.83 -139.39 -145.96 -152.53 -159.09 -165.66 -172.22 -178.79 -185.35 -191.92 -198.48 -205.05 -211.62 -218.18 -224.75 -231.31 -237.88 -244.44 -251.01 -257.58 -264.14 -270.71 -277.27 -283.84 -290.40 -296.97 -303.54 -310.10 -316.67 -323.23 -329.80 -336.36 -342.93 -349.49 -356.06 -362.63 -369.19 -375.76 -382.32 -388.89 -395.45 -402.02 -408.59 -415.15 -421.72 -428.28 -434.85 -441.41 -447.98 -454.55 -461.11 -467.68 -474.24 -480.81 -487.37 -493.94 -500.51 -507.07 -513.64 -520.20 -526.77 -533.33 -539.90 -546.46 -553.03 -559.60 -566.16 -572.73 -579.29 -585.86 -592.42 -598.99 -605.56 -612.12 -618.69 -625.25 -631.82 -638.38 -644.95 -651.52 -658.08 -664.65 -671.21 -677.78 -684.34 -690.91 -697.47 -704.04 -710.61 -717.17 -723.74 -730.30 -736.87 -743.43 -750.00 
750.00 743.43 736.87 730.30 723.74 717.17 710.61 704.04 697.47 690.91 684.34 677.78 671.21 664.65 658.08 651.52 644.95 638.38 631.82 625.25 618.69 612.12 605.56 598.99 592.42 585.86 579.29 572.73 566.16 559.60 553.03 546.46 539.90 533.33 526.77 520.20 513.64 507.07 500.51 493.94 487.37 480.81 474.24 467.68 461.11 454.55 447.98 441.41 434.85 428.28 421.72 415.15 408.59 402.02 395.45 388.89 382.32 375.76 369.19 362.63 356.06 349.49 342.93 336.36 329.80 323.23 316.67 310.10 303.54 296.97 290.40 283.84 277.27 270.71 264.14 257.58 251.01 244.44 237.88 231.31 224.75 218.18 211.62 205.05 198.48 191.92 185.35 178.79 172.22 165.66 159.09 152.53 145.96 139.39 132.83 126.26 119.70 113.13 106.57 100.00 
1.0000000e-01
3.1557600e+07
6.3115200e+07
9.4672800e+07
1.2623040e+08
1.5778800e+08
1.8934560e+08
2.2090320e+08
2.5246080e+08
2.8401840e+08
3.1557600e+08
3.4713360e+08
3.7869120e+08
4.1024880e+08
4.4180640e+08
4.7336400e+08
5.0492160e+08
5.3647920e+08
5.6803680e+08
5.9959440e+08
6.3115200e+08
1.0D-6  1.0D-8  40 :: alpha, tolerance, M
5  sdi_circles.in     :: number of circular elements, circular elements input file
0  file_not_used    :: number of elliptical elements, elliptical elements input file
file_not_used     :: particle inputs file

