True  False  False  3  tank.dat  dump-tank.out  tank.elem  tank.geom    ::  re-compute coefficients?, particle?, contour?, output flag, outputFN, coeffFN (output), elementHierarchy (input), geometryFN (output)
2.0D-1  1.0D-4  1.0D-4   0  1.0D0  1.0D-4  1.0D0  10  1.0E-8  ::  por, k, Ss, leakFlag, K2, Ss2, b2, ellipse MS, MS cutoff
2.0D-1  2.0D0 True  0.508  :: Sy, Kz, unconfined?, b
2  1  480  :: nx, ny, nt
0.25 0.50
0.0  0.0
0.000000000000000000e+00
3.000000000000000000e+01
6.000000000000000000e+01
9.000000000000000000e+01
1.200000000000000000e+02
1.500000000000000000e+02
1.800000000000000000e+02
2.100000000000000000e+02
2.400000000000000000e+02
2.700000000000000000e+02
3.000000000000000000e+02
3.300000000000000000e+02
3.600000000000000000e+02
3.900000000000000000e+02
4.200000000000000000e+02
4.500000000000000000e+02
4.800000000000000000e+02
5.100000000000000000e+02
5.400000000000000000e+02
5.700000000000000000e+02
6.000000000000000000e+02
6.300000000000000000e+02
6.600000000000000000e+02
6.900000000000000000e+02
7.200000000000000000e+02
7.500000000000000000e+02
7.800000000000000000e+02
8.100000000000000000e+02
8.400000000000000000e+02
8.700000000000000000e+02
9.000000000000000000e+02
9.300000000000000000e+02
9.600000000000000000e+02
9.900000000000000000e+02
1.020000000000000000e+03
1.050000000000000000e+03
1.080000000000000000e+03
1.110000000000000000e+03
1.140000000000000000e+03
1.170000000000000000e+03
1.200000000000000000e+03
1.230000000000000000e+03
1.260000000000000000e+03
1.290000000000000000e+03
1.320000000000000000e+03
1.350000000000000000e+03
1.380000000000000000e+03
1.410000000000000000e+03
1.440000000000000000e+03
1.470000000000000000e+03
1.500000000000000000e+03
1.530000000000000000e+03
1.560000000000000000e+03
1.590000000000000000e+03
1.620000000000000000e+03
1.650000000000000000e+03
1.680000000000000000e+03
1.710000000000000000e+03
1.740000000000000000e+03
1.770000000000000000e+03
1.800000000000000000e+03
1.830000000000000000e+03
1.860000000000000000e+03
1.890000000000000000e+03
1.920000000000000000e+03
1.950000000000000000e+03
1.980000000000000000e+03
2.010000000000000000e+03
2.040000000000000000e+03
2.070000000000000000e+03
2.100000000000000000e+03
2.130000000000000000e+03
2.160000000000000000e+03
2.190000000000000000e+03
2.220000000000000000e+03
2.250000000000000000e+03
2.280000000000000000e+03
2.310000000000000000e+03
2.340000000000000000e+03
2.370000000000000000e+03
2.400000000000000000e+03
2.430000000000000000e+03
2.460000000000000000e+03
2.490000000000000000e+03
2.520000000000000000e+03
2.550000000000000000e+03
2.580000000000000000e+03
2.610000000000000000e+03
2.640000000000000000e+03
2.670000000000000000e+03
2.700000000000000000e+03
2.730000000000000000e+03
2.760000000000000000e+03
2.790000000000000000e+03
2.820000000000000000e+03
2.850000000000000000e+03
2.880000000000000000e+03
2.910000000000000000e+03
2.940000000000000000e+03
2.970000000000000000e+03
3.000000000000000000e+03
3.030000000000000000e+03
3.060000000000000000e+03
3.090000000000000000e+03
3.120000000000000000e+03
3.150000000000000000e+03
3.180000000000000000e+03
3.210000000000000000e+03
3.240000000000000000e+03
3.270000000000000000e+03
3.300000000000000000e+03
3.330000000000000000e+03
3.360000000000000000e+03
3.390000000000000000e+03
3.420000000000000000e+03
3.450000000000000000e+03
3.480000000000000000e+03
3.510000000000000000e+03
3.540000000000000000e+03
3.570000000000000000e+03
3.600000000000000000e+03
3.630000000000000000e+03
3.660000000000000000e+03
3.690000000000000000e+03
3.720000000000000000e+03
3.750000000000000000e+03
3.780000000000000000e+03
3.810000000000000000e+03
3.840000000000000000e+03
3.870000000000000000e+03
3.900000000000000000e+03
3.930000000000000000e+03
3.960000000000000000e+03
3.990000000000000000e+03
4.020000000000000000e+03
4.050000000000000000e+03
4.080000000000000000e+03
4.110000000000000000e+03
4.140000000000000000e+03
4.170000000000000000e+03
4.200000000000000000e+03
4.230000000000000000e+03
4.260000000000000000e+03
4.290000000000000000e+03
4.320000000000000000e+03
4.350000000000000000e+03
4.380000000000000000e+03
4.410000000000000000e+03
4.440000000000000000e+03
4.470000000000000000e+03
4.500000000000000000e+03
4.530000000000000000e+03
4.560000000000000000e+03
4.590000000000000000e+03
4.620000000000000000e+03
4.650000000000000000e+03
4.680000000000000000e+03
4.710000000000000000e+03
4.740000000000000000e+03
4.770000000000000000e+03
4.800000000000000000e+03
4.830000000000000000e+03
4.860000000000000000e+03
4.890000000000000000e+03
4.920000000000000000e+03
4.950000000000000000e+03
4.980000000000000000e+03
5.010000000000000000e+03
5.040000000000000000e+03
5.070000000000000000e+03
5.100000000000000000e+03
5.130000000000000000e+03
5.160000000000000000e+03
5.190000000000000000e+03
5.220000000000000000e+03
5.250000000000000000e+03
5.280000000000000000e+03
5.310000000000000000e+03
5.340000000000000000e+03
5.370000000000000000e+03
5.400000000000000000e+03
5.430000000000000000e+03
5.460000000000000000e+03
5.490000000000000000e+03
5.520000000000000000e+03
5.550000000000000000e+03
5.580000000000000000e+03
5.610000000000000000e+03
5.640000000000000000e+03
5.670000000000000000e+03
5.700000000000000000e+03
5.730000000000000000e+03
5.760000000000000000e+03
5.790000000000000000e+03
5.820000000000000000e+03
5.850000000000000000e+03
5.880000000000000000e+03
5.910000000000000000e+03
5.940000000000000000e+03
5.970000000000000000e+03
6.000000000000000000e+03
6.030000000000000000e+03
6.060000000000000000e+03
6.090000000000000000e+03
6.120000000000000000e+03
6.150000000000000000e+03
6.180000000000000000e+03
6.210000000000000000e+03
6.240000000000000000e+03
6.270000000000000000e+03
6.300000000000000000e+03
6.330000000000000000e+03
6.360000000000000000e+03
6.390000000000000000e+03
6.420000000000000000e+03
6.450000000000000000e+03
6.480000000000000000e+03
6.510000000000000000e+03
6.540000000000000000e+03
6.570000000000000000e+03
6.600000000000000000e+03
6.630000000000000000e+03
6.660000000000000000e+03
6.690000000000000000e+03
6.720000000000000000e+03
6.750000000000000000e+03
6.780000000000000000e+03
6.810000000000000000e+03
6.840000000000000000e+03
6.870000000000000000e+03
6.900000000000000000e+03
6.930000000000000000e+03
6.960000000000000000e+03
6.990000000000000000e+03
7.020000000000000000e+03
7.050000000000000000e+03
7.080000000000000000e+03
7.110000000000000000e+03
7.140000000000000000e+03
7.170000000000000000e+03
7.200000000000000000e+03
7.230000000000000000e+03
7.260000000000000000e+03
7.290000000000000000e+03
7.320000000000000000e+03
7.350000000000000000e+03
7.380000000000000000e+03
7.410000000000000000e+03
7.440000000000000000e+03
7.470000000000000000e+03
7.500000000000000000e+03
7.530000000000000000e+03
7.560000000000000000e+03
7.590000000000000000e+03
7.620000000000000000e+03
7.650000000000000000e+03
7.680000000000000000e+03
7.710000000000000000e+03
7.740000000000000000e+03
7.770000000000000000e+03
7.800000000000000000e+03
7.830000000000000000e+03
7.860000000000000000e+03
7.890000000000000000e+03
7.920000000000000000e+03
7.950000000000000000e+03
7.980000000000000000e+03
8.010000000000000000e+03
8.040000000000000000e+03
8.070000000000000000e+03
8.100000000000000000e+03
8.130000000000000000e+03
8.160000000000000000e+03
8.190000000000000000e+03
8.220000000000000000e+03
8.250000000000000000e+03
8.280000000000000000e+03
8.310000000000000000e+03
8.340000000000000000e+03
8.370000000000000000e+03
8.400000000000000000e+03
8.430000000000000000e+03
8.460000000000000000e+03
8.490000000000000000e+03
8.520000000000000000e+03
8.550000000000000000e+03
8.580000000000000000e+03
8.610000000000000000e+03
8.640000000000000000e+03
8.670000000000000000e+03
8.700000000000000000e+03
8.730000000000000000e+03
8.760000000000000000e+03
8.790000000000000000e+03
8.820000000000000000e+03
8.850000000000000000e+03
8.880000000000000000e+03
8.910000000000000000e+03
8.940000000000000000e+03
8.970000000000000000e+03
9.000000000000000000e+03
9.030000000000000000e+03
9.060000000000000000e+03
9.090000000000000000e+03
9.120000000000000000e+03
9.150000000000000000e+03
9.180000000000000000e+03
9.210000000000000000e+03
9.240000000000000000e+03
9.270000000000000000e+03
9.300000000000000000e+03
9.330000000000000000e+03
9.360000000000000000e+03
9.390000000000000000e+03
9.420000000000000000e+03
9.450000000000000000e+03
9.480000000000000000e+03
9.510000000000000000e+03
9.540000000000000000e+03
9.570000000000000000e+03
9.600000000000000000e+03
9.630000000000000000e+03
9.660000000000000000e+03
9.690000000000000000e+03
9.720000000000000000e+03
9.750000000000000000e+03
9.780000000000000000e+03
9.810000000000000000e+03
9.840000000000000000e+03
9.870000000000000000e+03
9.900000000000000000e+03
9.930000000000000000e+03
9.960000000000000000e+03
9.990000000000000000e+03
1.002000000000000000e+04
1.005000000000000000e+04
1.008000000000000000e+04
1.011000000000000000e+04
1.014000000000000000e+04
1.017000000000000000e+04
1.020000000000000000e+04
1.023000000000000000e+04
1.026000000000000000e+04
1.029000000000000000e+04
1.032000000000000000e+04
1.035000000000000000e+04
1.038000000000000000e+04
1.041000000000000000e+04
1.044000000000000000e+04
1.047000000000000000e+04
1.050000000000000000e+04
1.053000000000000000e+04
1.056000000000000000e+04
1.059000000000000000e+04
1.062000000000000000e+04
1.065000000000000000e+04
1.068000000000000000e+04
1.071000000000000000e+04
1.074000000000000000e+04
1.077000000000000000e+04
1.080000000000000000e+04
1.083000000000000000e+04
1.086000000000000000e+04
1.089000000000000000e+04
1.092000000000000000e+04
1.095000000000000000e+04
1.098000000000000000e+04
1.101000000000000000e+04
1.104000000000000000e+04
1.107000000000000000e+04
1.110000000000000000e+04
1.113000000000000000e+04
1.116000000000000000e+04
1.119000000000000000e+04
1.122000000000000000e+04
1.125000000000000000e+04
1.128000000000000000e+04
1.131000000000000000e+04
1.134000000000000000e+04
1.137000000000000000e+04
1.140000000000000000e+04
1.143000000000000000e+04
1.146000000000000000e+04
1.149000000000000000e+04
1.152000000000000000e+04
1.155000000000000000e+04
1.158000000000000000e+04
1.161000000000000000e+04
1.164000000000000000e+04
1.167000000000000000e+04
1.170000000000000000e+04
1.173000000000000000e+04
1.176000000000000000e+04
1.179000000000000000e+04
1.182000000000000000e+04
1.185000000000000000e+04
1.188000000000000000e+04
1.191000000000000000e+04
1.194000000000000000e+04
1.197000000000000000e+04
1.200000000000000000e+04
1.203000000000000000e+04
1.206000000000000000e+04
1.209000000000000000e+04
1.212000000000000000e+04
1.215000000000000000e+04
1.218000000000000000e+04
1.221000000000000000e+04
1.224000000000000000e+04
1.227000000000000000e+04
1.230000000000000000e+04
1.233000000000000000e+04
1.236000000000000000e+04
1.239000000000000000e+04
1.242000000000000000e+04
1.245000000000000000e+04
1.248000000000000000e+04
1.251000000000000000e+04
1.254000000000000000e+04
1.257000000000000000e+04
1.260000000000000000e+04
1.263000000000000000e+04
1.266000000000000000e+04
1.269000000000000000e+04
1.272000000000000000e+04
1.275000000000000000e+04
1.278000000000000000e+04
1.281000000000000000e+04
1.284000000000000000e+04
1.287000000000000000e+04
1.290000000000000000e+04
1.293000000000000000e+04
1.296000000000000000e+04
1.299000000000000000e+04
1.302000000000000000e+04
1.305000000000000000e+04
1.308000000000000000e+04
1.311000000000000000e+04
1.314000000000000000e+04
1.317000000000000000e+04
1.320000000000000000e+04
1.323000000000000000e+04
1.326000000000000000e+04
1.329000000000000000e+04
1.332000000000000000e+04
1.335000000000000000e+04
1.338000000000000000e+04
1.341000000000000000e+04
1.344000000000000000e+04
1.347000000000000000e+04
1.350000000000000000e+04
1.353000000000000000e+04
1.356000000000000000e+04
1.359000000000000000e+04
1.362000000000000000e+04
1.365000000000000000e+04
1.368000000000000000e+04
1.371000000000000000e+04
1.374000000000000000e+04
1.377000000000000000e+04
1.380000000000000000e+04
1.383000000000000000e+04
1.386000000000000000e+04
1.389000000000000000e+04
1.392000000000000000e+04
1.395000000000000000e+04
1.398000000000000000e+04
1.401000000000000000e+04
1.404000000000000000e+04
1.407000000000000000e+04
1.410000000000000000e+04
1.413000000000000000e+04
1.416000000000000000e+04
1.419000000000000000e+04
1.422000000000000000e+04
1.425000000000000000e+04
1.428000000000000000e+04
1.431000000000000000e+04
1.434000000000000000e+04
1.437000000000000000e+04
1.0D-6  1.0D-8  20 :: alpha, tolerance, M
2  tank_circles.in     :: number of circular elements, circular elements input file
0  file_not_used    :: number of elliptical elements, elliptical elements input file
file_not_used     :: particle inputs file

