True True True 4 wedge_particles.dat  dump.out  wedge.elem  wedge.geom    ::  re-compute coefficients?, particle?, contour?, output flag, outputFN, coeffFN (output), elementHierarchy (input), geometryFN (output)
2.0D-1  2.0D0  1.0D-3   0  1.0D0  1.0D-4  1.0D0  38  1.0E-6 ::  por, k, Ss, leakFlag, K2, Ss2, b2, ellipse MS, cutoff
1.5D-1  2.0D0  False  1.0  :: Sy, Kz, unconfined?, b
100  100  3  :: nx, ny, nt
-0.50500 -0.49480 -0.48460 -0.47439 -0.46419 -0.45399 -0.44379 -0.43359 -0.42338 -0.41318 -0.40298 -0.39278 -0.38258 -0.37237 -0.36217 -0.35197 -0.34177 -0.33157 -0.32136 -0.31116 -0.30096 -0.29076 -0.28056 -0.27035 -0.26015 -0.24995 -0.23975 -0.22955 -0.21934 -0.20914 -0.19894 -0.18874 -0.17854 -0.16833 -0.15813 -0.14793 -0.13773 -0.12753 -0.11732 -0.10712 -0.09692 -0.08672 -0.07652 -0.06631 -0.05611 -0.04591 -0.03571 -0.02551 -0.01530 -0.00510 0.00510 0.01530 0.02551 0.03571 0.04591 0.05611 0.06631 0.07652 0.08672 0.09692 0.10712 0.11732 0.12753 0.13773 0.14793 0.15813 0.16833 0.17854 0.18874 0.19894 0.20914 0.21934 0.22955 0.23975 0.24995 0.26015 0.27035 0.28056 0.29076 0.30096 0.31116 0.32136 0.33157 0.34177 0.35197 0.36217 0.37237 0.38258 0.39278 0.40298 0.41318 0.42338 0.43359 0.44379 0.45399 0.46419 0.47439 0.48460 0.49480 0.50500 :: 
-0.50500 -0.49480 -0.48460 -0.47439 -0.46419 -0.45399 -0.44379 -0.43359 -0.42338 -0.41318 -0.40298 -0.39278 -0.38258 -0.37237 -0.36217 -0.35197 -0.34177 -0.33157 -0.32136 -0.31116 -0.30096 -0.29076 -0.28056 -0.27035 -0.26015 -0.24995 -0.23975 -0.22955 -0.21934 -0.20914 -0.19894 -0.18874 -0.17854 -0.16833 -0.15813 -0.14793 -0.13773 -0.12753 -0.11732 -0.10712 -0.09692 -0.08672 -0.07652 -0.06631 -0.05611 -0.04591 -0.03571 -0.02551 -0.01530 -0.00510 0.00510 0.01530 0.02551 0.03571 0.04591 0.05611 0.06631 0.07652 0.08672 0.09692 0.10712 0.11732 0.12753 0.13773 0.14793 0.15813 0.16833 0.17854 0.18874 0.19894 0.20914 0.21934 0.22955 0.23975 0.24995 0.26015 0.27035 0.28056 0.29076 0.30096 0.31116 0.32136 0.33157 0.34177 0.35197 0.36217 0.37237 0.38258 0.39278 0.40298 0.41318 0.42338 0.43359 0.44379 0.45399 0.46419 0.47439 0.48460 0.49480 0.50500 :: y
0.7
1.5
15.0  :: t
1.0D-6  1.0D-8  20  :: alpha, tolerance, M
2  wedge_circles.in     :: number of circular elements, circular elements input file
4  wedge_ellipses.in    :: number of elliptical elements, elliptical elements input file
wedge_particles.in     :: particle inputs file

