True False False  3  wedge_hydrograph.dat  dump.out  wedge.elem  wedge.geom    ::  re-compute coefficients?, particle?, contour?, output flag, outputFN, coeffFN (output), elementHierarchy (input), geometryFN (output)
2.0D-1  2.0D0  1.0D-4   0  1.0D0  1.0D-4  1.0D0  38  ::  por, k, Ss, leakFlag, K2, Ss2, b2, ellipse MS
1.5D-1  2.0D0  False  1.0  :: Sy, Kz, unconfined?, b
2  2  200  :: nx, ny, nt
0.0 -0.2
-0.1 0.1
1.0000001E-7
1.071891319205128634e-07
1.148951000187308527e-07
1.231550603292826281e-07
1.320088400831416866e-07
1.414991297434575799e-07
1.516716888470924146e-07
1.625755666443793353e-07
1.742633386009650705e-07
1.867913599020780982e-07
2.002200371815584458e-07
2.146141197858405874e-07
2.300430119772916897e-07
2.465811075822603681e-07
2.643081486974102624e-07
2.833096101839323858e-07
3.036771118035460432e-07
3.255088599835056232e-07
3.489101213406773737e-07
3.739937302478793814e-07
4.008806328898464823e-07
4.297004704320843713e-07
4.605922041145103558e-07
4.937047852839003774e-07
5.291978735958436997e-07
5.672426068491977709e-07
6.080224261649426994e-07
6.517339604882420645e-07
6.985879746785249209e-07
7.488103857590030498e-07
8.026433522257174217e-07
8.603464416684509313e-07
9.221978823334321696e-07
9.884959046625586031e-07
1.059560179277614897e-06
1.135733358343105172e-06
1.217382727739662103e-06
1.304901978014401645e-06
1.398713102647238560e-06
1.499268432786047032e-06
1.607052818261638511e-06
1.722585965398787396e-06
1.846424942895542597e-06
1.979166867853557454e-06
2.121451784910627699e-06
2.273965752357927346e-06
2.437444150122221785e-06
2.612675225563326259e-06
2.800503894183630874e-06
3.001835813575591919e-06
3.217641750250735253e-06
3.448962260405759520e-06
3.696912707195024420e-06
3.962688638701478652e-06
4.247571552536894304e-06
4.552935074866947568e-06
4.880251583654433656e-06
5.231099308056258461e-06
5.607169938205458299e-06
6.010276782070388150e-06
6.442363508721370221e-06
6.905513520162330599e-06
7.401959996915637289e-06
7.934096665797491744e-06
8.504489341802669425e-06
9.115888299750818740e-06
9.771241535346500998e-06
1.047370897959448737e-05
1.122667773510813544e-05
1.203377840777590590e-05
1.289890261253308021e-05
1.382622173764653542e-05
1.482020705798860061e-05
1.588565129428052877e-05
1.702769172225897850e-05
1.825183494319042456e-05
1.956398343517064872e-05
2.097046401323230812e-05
2.247805833548725246e-05
2.409403560239526900e-05
2.582618760682674767e-05
2.768286630392061126e-05
2.967302408188872721e-05
3.180625692794118915e-05
3.409285069746807414e-05
3.654383070957254701e-05
3.917101490809260457e-05
4.198707084443905572e-05
4.500557675700497562e-05
4.824108704165373871e-05
5.170920242896755246e-05
5.542664520663095526e-05
5.941133984965039921e-05
6.368249944718585675e-05
6.826071834272379223e-05
7.316807143427192419e-05
7.842822061337681189e-05
8.406652885618316176e-05
9.011018251665017960e-05
9.658832241158708354e-05
1.035321843295661617e-04
1.109752496412072157e-04
1.189534067370319513e-04
1.275051240713012809e-04
1.366716356462005988e-04
1.464971398307284749e-04
1.570290124729377390e-04
1.683180353330956719e-04
1.804186409392071779e-04
1.933891750455229996e-04
2.072921779595369789e-04
2.221946860939523970e-04
2.381685551976158279e-04
2.552908068239516468e-04
2.736439997074669372e-04
2.933166278390042644e-04
3.144035471591500111e-04
3.370064329271928389e-04
3.612342699709430527e-04
3.872038781812553346e-04
4.150404757850472488e-04
4.448782831127585566e-04
4.768611697714469281e-04
5.111433483440165366e-04
5.478901179593939760e-04
5.872786613189477341e-04
6.294988990221887619e-04
6.747544053110692778e-04
7.232633896483533272e-04
7.752597488629456518e-04
8.309941949353386427e-04
8.907354638610440059e-04
9.547716114208055702e-04
1.023411402105452780e-03
1.096985797892384082e-03
1.175849554052155795e-03
1.260382929679727511e-03
1.350993521198025045e-03
1.448118227674533064e-03
1.552225357427047987e-03
1.663816886076127438e-03
1.783430876931909378e-03
1.911644075385699739e-03
2.049074689815846059e-03
2.196385372416547171e-03
2.354286414322415491e-03
2.523539170434765683e-03
2.704959730463131658e-03
2.899422853882875021e-03
3.107866187782013824e-03
3.331294787934670036e-03
3.570785964900462846e-03
3.827494478516307169e-03
4.102658105827190239e-03
4.397603609302721053e-03
4.713753134116718813e-03
5.052631065335679711e-03
5.415871378079465358e-03
5.805225516094895781e-03
6.222570836730231293e-03
6.669919663030115034e-03
7.149428986597577279e-03
7.663410868007447009e-03
8.214343584919422611e-03
8.804883581643463755e-03
9.437878277775372388e-03
1.011637979766207007e-02
1.084365968689608717e-02
1.162322468679851881e-02
1.245883364295008108e-02
1.335451562929897314e-02
1.431458937523478504e-02
1.534368408930010010e-02
1.644676177994662883e-02
1.762914118095948099e-02
1.889652339691207800e-02
2.025501939230666543e-02
2.171117945694501020e-02
2.327202478960407189e-02
2.494508135230316670e-02
2.673841615839944036e-02
2.866067616948250046e-02
3.072112998861752792e-02
3.292971255097148359e-02
3.529707302730650254e-02
3.783462617131925360e-02
4.055460735840827474e-02
4.347013158125017512e-02
4.659525668664677572e-02
4.994505115855139843e-02
5.353566677410719066e-02
5.738441648302392700e-02
6.150985788580504154e-02
6.593188271333541572e-02
7.067181273927491958e-02
7.575250258771905332e-02
8.119844993184008319e-02
8.703591361485166211e-02
9.329304026284676588e-02
1.000000000000000056e-01

1.0D-6  1.0D-8  10  :: alpha, tolerance, M
2  wedge_circles.in     :: number of circular elements, circular elements input file
4  wedge_ellipses.in    :: number of elliptical elements, elliptical elements input file
wedge_particles.in     :: particle inputs file

